16
protopterus       0.0000000 0.5099178 0.4525546 0.4993638 0.4812062 0.5147869 0.4559647 0.5421249 0.3565878 0.4335895 0.4917844 0.4344959 0.3623687 0.3989389 0.3766954 0.5042146 
Anolis            0.5099178 0.0000000 0.3085789 0.4185251 0.4228070 0.4207183 0.3144995 0.5855866 0.2947191 0.2994968 0.2978513 0.3052790 0.2472241 0.1842299 0.2530687 0.1438128 
Gallus            0.4525546 0.3085789 0.0000000 0.3505823 0.3609296 0.3469283 0.1138020 0.5529797 0.1668318 0.2139359 0.2059506 0.2029180 0.1833878 0.3056524 0.1769687 0.2654762 
Homo              0.4993638 0.4185251 0.3505823 0.0000000 0.2257707 0.2737707 0.3440137 0.5769537 0.2577222 0.3280813 0.3230198 0.3751568 0.2971917 0.3628206 0.2511080 0.4082488 
Monodelphis       0.4812062 0.4228070 0.3609296 0.2257707 0.0000000 0.2858560 0.3641388 0.5897270 0.2680221 0.3260781 0.3461844 0.3596530 0.2950972 0.3847125 0.2452944 0.4051177 
Ornithorhynchus   0.5147869 0.4207183 0.3469283 0.2737707 0.2858560 0.0000000 0.3481389 0.6161700 0.2938073 0.3396778 0.3449136 0.3840975 0.2883562 0.3377470 0.2989710 0.3779793 
Taeniopygia       0.4559647 0.3144995 0.1138020 0.3440137 0.3641388 0.3481389 0.0000000 0.5594063 0.1961222 0.2409389 0.2331116 0.2130396 0.1931329 0.3058629 0.2010394 0.2727287 
Xenopus           0.5421249 0.5855866 0.5529797 0.5769537 0.5897270 0.6161700 0.5594063 0.0000000 0.5052213 0.5859762 0.5822998 0.5740325 0.4829887 0.5654365 0.4741456 0.4937873 
alligator         0.3565878 0.2947191 0.1668318 0.2577222 0.2680221 0.2938073 0.1961222 0.5052213 0.0000000 0.1284036 0.1356427 0.0128416 0.1202470 0.2605554 0.1239635 0.2017897 
emys_orbicularis  0.4335895 0.2994968 0.2139359 0.3280813 0.3260781 0.3396778 0.2409389 0.5859762 0.1284036 0.0000000 0.0516848 0.1569100 0.0203920 0.2110661 0.0188745 0.1898788 
phrynops          0.4917844 0.2978513 0.2059506 0.3230198 0.3461844 0.3449136 0.2331116 0.5822998 0.1356427 0.0516848 0.0000000 0.1481106 0.0462315 0.2384989 0.0502773 0.2031164 
caiman            0.4344959 0.3052790 0.2029180 0.3751568 0.3596530 0.3840975 0.2130396 0.5740325 0.0128416 0.1569100 0.1481106 0.0000000 0.1439665 0.2779550 0.1326908 0.2574244 
caretta           0.3623687 0.2472241 0.1833878 0.2971917 0.2950972 0.2883562 0.1931329 0.4829887 0.1202470 0.0203920 0.0462315 0.1439665 0.0000000 0.2305556 0.0235930 0.1958820 
python            0.3989389 0.1842299 0.3056524 0.3628206 0.3847125 0.3377470 0.3058629 0.5654365 0.2605554 0.2110661 0.2384989 0.2779550 0.2305556 0.0000000 0.2312781 0.1477457 
chelonoidis_nigra 0.3766954 0.2530687 0.1769687 0.2511080 0.2452944 0.2989710 0.2010394 0.4741456 0.1239635 0.0188745 0.0502773 0.1326908 0.0235930 0.2312781 0.0000000 0.2036426 
podarcis          0.5042146 0.1438128 0.2654762 0.4082488 0.4051177 0.3779793 0.2727287 0.4937873 0.2017897 0.1898788 0.2031164 0.2574244 0.1958820 0.1477457 0.2036426 0.0000000 
